#from https://arxiv.org/pdf/2205.11526     NOTE DIFF FORMAT! All bins DeltaMUV = 0.5 it appears
# z      MUV          Phi_UV [Mpc^-3 mag^-1]      +sigma_Phi_UV    -sigma_Phi_UV  [Mpc^-3 mag^-1]
2     -18.75    0.0051     +0.0003     -0.0003 
2     -18.25    0.0072     +0.0005     -0.0004 
2     -17.75    0.0096     +0.0006     -0.0006 
2     -17.25    0.013     +0.001     -0.001 
2     -16.75    0.017     +0.003     -0.001 
2     -16.25    0.021     +0.005     -0.001 
2     -15.75    0.027     +0.009     -0.002 
2     -15.25    0.034     +0.016     -0.003 
2     -14.75    0.040     +0.026     -0.006 
2     -14.25    0.046     +0.042     -0.012 
2     -13.75    0.050     +0.065     -0.019 
2     -13.25    0.052     +0.097     -0.027 
2     -12.75    0.052     +0.136     -0.033 
2     -12.25    0.050     +0.186     -0.036 
3     -18.75    0.0060     +0.0010     -0.0008 
3     -18.25    0.0083     +0.0013     -0.0011 
3     -17.75    0.011     +0.002     -0.001 
3     -17.25    0.015     +0.003     -0.002 
3     -16.75    0.020     +0.005     -0.003 
3     -16.25    0.027     +0.009     -0.003 
3     -15.75    0.036     +0.015     -0.004 
3     -15.25    0.048     +0.025     -0.006 
3     -14.75    0.068     +0.044     -0.010 
3     -14.25    0.097     +0.079     -0.019 
3     -13.75    0.14     +0.15     -0.04 
3     -13.25    0.22     +0.28     -0.07 
3     -12.75    0.34     +0.54     -0.13 
3     -12.25    0.55     +1.07    -0.25
4     -18.75    0.0053     +0.0006     -0.0005 
4     -18.25    0.0077     +0.0009     -0.0008 
4     -17.75    0.011     +0.001     -0.001 
4     -17.25    0.015     +0.002     -0.002 
4     -16.75    0.021     +0.005     -0.002 
4     -16.25    0.029     +0.009     -0.003 
4     -15.75    0.041     +0.017     -0.005 
4     -15.25    0.062     +0.035     -0.010 
4     -14.75    0.10     +0.08     -0.03 
4     -14.25    0.18     +0.23     -0.08 
4     -13.75    0.35     +0.73     -0.20 
4     -13.25    0.74     +2.50     -0.53 
4     -12.8    1.7     +9.7     -1.4 
4     -12.2    4.2     +43.0 -3.8 
5    -18.75    0.0033     +0.0003     -0.0003 
5    -18.25    0.0049     +0.0004     -0.0004 
5    -17.75    0.0073     +0.0007     -0.0006 
5    -17.25    0.011     +0.001     -0.001 
5    -16.75    0.015     +0.003     -0.002 
5    -16.25    0.022     +0.007     -0.002 
5    -15.75    0.032     +0.013     -0.004 
5    -15.25    0.047     +0.027     -0.008 
5    -14.75    0.072     +0.062     -0.020 
5    -14.25    0.11     +0.16     -0.05 
5    -13.75    0.19     +0.43     -0.12 
5    -13.25    0.32     +1.25     -0.24 
5    -12.75    0.55     +3.92     -0.47 
5    -12.2    1.0     +13.7     -0.9                    
6    -18.75    0.0025     +0.0003     -0.0003 
6    -18.25    0.0040     +0.0004     -0.0004 
6    -17.75    0.0063     +0.0007     -0.0006 
6    -17.25    0.0097     +0.0015     -0.0010 
6    -16.75    0.015     +0.003     -0.002 
6    -16.25    0.023     +0.007     -0.003 
6    -15.75    0.034     +0.014     -0.004 
6    -15.25    0.050     +0.027     -0.007 
6    -14.75    0.071     +0.050     -0.014 
6    -14.25    0.097     +0.094     -0.027 
6    -13.75    0.13     +0.17     -0.05 
6    -13.25    0.17     +0.31     -0.08 
6    -12.75    0.21     +0.53     -0.13 
6    -12.25    0.25     +0.91     -0.18 
7    -18.75    0.0017     +0.0001     -0.0001 
7    -18.25    0.0028     +0.0002     -0.0002 
7    -17.75    0.0047     +0.0004     -0.0004 
7    -17.25    0.0078     +0.0010     -0.0007 
7    -16.75    0.013     +0.003     -0.001 
7    -16.25    0.021     +0.006     -0.002 
7    -15.75    0.033     +0.014     -0.004 
7    -15.25    0.049     +0.027     -0.008 
7    -14.75    0.065     +0.051     -0.016 
7    -14.25    0.076     +0.090     -0.029 
7    -13.75    0.080     +0.145     -0.042 
7    -13.25    0.077     +0.217     -0.051 
7    -12.75    0.067     +0.308     -0.053 
7    -12.25    0.052     +0.409    -0.045                    
8    -18.75    0.0008     +0.0001     -0.0001 
8    -18.25    0.0015     +0.0002     -0.0002 
8    -17.75    0.0027     +0.0003     -0.0003 
8    -17.25    0.0048     +0.0008     -0.0006 
8    -16.75    0.0086     +0.0022     -0.0011 
8    -16.25    0.015     +0.005     -0.002 
8    -15.75    0.026     +0.012     -0.004 
8    -15.25    0.040     +0.024     -0.007 
8    -14.75    0.054     +0.047     -0.016 
8    -14.25    0.065     +0.092     -0.030 
8    -13.75    0.066     +0.161     -0.042 
8    -13.25    0.058     +0.250     -0.045 
8    -12.75    0.047     +0.377     -0.041 
8    -12.25    0.033     +0.550     -0.031 
9    -18.75    0.0002     +0.0001     -0.0001 
9    -18.25    0.0005     +0.0001     -0.0001 
9    -17.75    0.0009     +0.0002     -0.0001 
9    -17.25    0.0016     +0.0003     -0.0002 
9    -16.75    0.0029     +0.0008     -0.0004 
9    -16.25    0.0052     +0.0020     -0.0008 
9    -15.75    0.0092     +0.0045     -0.0016 
9    -15.25    0.013     +0.008     -0.003 
9    -14.75    0.014     +0.014     -0.005 
9    -14.25    0.012     +0.022     -0.007 
9    -13.75    0.0084     +0.0304     -0.0063 
9    -13.25    0.0044     +0.0362     -0.0039 
9    -12.75    0.0019     +0.0383     -0.0018 
9    -12.25    0.0006     +0.0371    -0.0006