4.0000e+00     -2.2690e+01     5.0000e-01     3.2786e-06     2.6229e-06     2.6229e-06
4.0000e+00     -2.2190e+01     5.0000e-01     2.1860e-05     1.3116e-05     1.3116e-05
4.0000e+00     -2.1690e+01     5.0000e-01     1.0024e-04     2.0049e-05     2.0049e-05
4.0000e+00     -2.1190e+01     5.0000e-01     3.2590e-04     6.5179e-05     6.5179e-05
4.0000e+00     -2.0690e+01     5.0000e-01     7.8452e-04     1.5690e-04     1.5690e-04
4.0000e+00     -2.0190e+01     5.0000e-01     1.3973e-03     2.7945e-04     2.7945e-04
4.0000e+00     -1.9690e+01     5.0000e-01     2.4122e-03     4.8244e-04     4.8244e-04
4.0000e+00     -1.9190e+01     5.0000e-01     3.5082e-03     7.0165e-04     7.0165e-04
4.0000e+00     -1.8690e+01     5.0000e-01     4.4713e-03     8.9427e-04     8.9427e-04
4.0000e+00     -1.7940e+01     5.0000e-01     9.8191e-03     1.9638e-03     1.9638e-03
4.0000e+00     -1.6940e+01     5.0000e-01     2.0245e-02     4.0490e-03     4.0490e-03
4.0000e+00     -1.5940e+01     5.0000e-01     3.5838e-02     1.0868e-02     1.0868e-02
5.0000e+00     -2.3110e+01     5.0000e-01     4.3617e-07     4.3617e-07     4.3617e-07
5.0000e+00     -2.2610e+01     5.0000e-01     4.4285e-06     2.2143e-06     2.2143e-06
5.0000e+00     -2.2110e+01     5.0000e-01     2.3295e-05     5.8239e-06     5.8239e-06
5.0000e+00     -2.1610e+01     5.0000e-01     8.6958e-05     1.7392e-05     1.7392e-05
5.0000e+00     -2.1110e+01     5.0000e-01     2.3571e-04     4.7142e-05     4.7142e-05
5.0000e+00     -2.0610e+01     5.0000e-01     4.9331e-04     9.8662e-05     9.8662e-05
5.0000e+00     -2.0110e+01     5.0000e-01     9.8108e-04     1.9622e-04     1.9622e-04
5.0000e+00     -1.9610e+01     5.0000e-01     1.5372e-03     3.0745e-04     3.0745e-04
5.0000e+00     -1.9110e+01     5.0000e-01     2.6086e-03     5.2172e-04     5.2172e-04
5.0000e+00     -1.8360e+01     5.0000e-01     5.5132e-03     1.1026e-03     1.1026e-03
5.0000e+00     -1.7360e+01     5.0000e-01     1.1748e-02     2.3497e-03     2.3497e-03
5.0000e+00     -1.6360e+01     5.0000e-01     2.0664e-02     6.0381e-03     6.0381e-03
6.0000e+00     -2.2520e+01     5.0000e-01     2.2941e-06     2.2941e-06     2.2941e-06
6.0000e+00     -2.2020e+01     5.0000e-01     1.5210e-05     5.4322e-06     5.4322e-06
6.0000e+00     -2.1520e+01     5.0000e-01     5.2915e-05     1.1413e-05     1.1413e-05
6.0000e+00     -2.1020e+01     5.0000e-01     1.3966e-04     2.7933e-05     2.7933e-05
6.0000e+00     -2.0520e+01     5.0000e-01     3.2831e-04     6.5661e-05     6.5661e-05
6.0000e+00     -2.0020e+01     5.0000e-01     6.3732e-04     1.2746e-04     1.2746e-04
6.0000e+00     -1.9520e+01     5.0000e-01     1.1751e-03     2.3502e-04     2.3502e-04
6.0000e+00     -1.8770e+01     5.0000e-01     2.6525e-03     5.3050e-04     5.3050e-04
6.0000e+00     -1.7770e+01     5.0000e-01     5.7483e-03     1.1497e-03     1.1497e-03
6.0000e+00     -1.6770e+01     5.0000e-01     1.3349e-02     4.1062e-03     4.1062e-03
7.0000e+00     -2.2190e+01     5.0000e-01     3.8532e-06     7.7063e-06     7.7063e-06
7.0000e+00     -2.1690e+01     5.0000e-01     1.4654e-05     3.9316e-06     3.9316e-06
7.0000e+00     -2.1190e+01     5.0000e-01     4.2461e-05     1.3551e-05     1.3551e-05
7.0000e+00     -2.0690e+01     5.0000e-01     1.0865e-04     2.1731e-05     2.1731e-05
7.0000e+00     -2.0190e+01     5.0000e-01     2.3118e-04     5.3915e-05     5.3915e-05
7.0000e+00     -1.9690e+01     5.0000e-01     4.5633e-04     9.7620e-05     9.7620e-05
7.0000e+00     -1.9190e+01     5.0000e-01     8.9271e-04     2.5593e-04     2.5593e-04
7.0000e+00     -1.8690e+01     5.0000e-01     1.4610e-03     4.2718e-04     4.2718e-04
7.0000e+00     -1.7940e+01     5.0000e-01     3.1547e-03     7.8868e-04     7.8868e-04
7.0000e+00     -1.6940e+01     5.0000e-01     7.3787e-03     2.5719e-03     2.5719e-03
8.0000e+00     -2.1850e+01     5.0000e-01     5.1339e-06     3.4226e-06     3.4226e-06
8.0000e+00     -2.1350e+01     5.0000e-01     1.4187e-05     4.7288e-06     4.7288e-06
8.0000e+00     -2.0850e+01     5.0000e-01     3.6908e-05     9.9021e-06     9.9021e-06
8.0000e+00     -2.0100e+01     5.0000e-01     1.3149e-04     4.3831e-05     4.3831e-05
8.0000e+00     -1.9350e+01     5.0000e-01     3.7339e-04     1.3242e-04     1.3242e-04
8.0000e+00     -1.8600e+01     5.0000e-01     9.3943e-04     2.9037e-04     2.9037e-04
8.0000e+00     -1.7600e+01     5.0000e-01     2.3514e-03     8.8761e-04     8.8761e-04
9.0000e+00     -2.1920e+01     8.0000e-01     1.1437e-06     1.1437e-06     1.1437e-06
9.0000e+00     -2.1120e+01     8.0000e-01     8.0092e-06     3.4325e-06     3.4325e-06
9.0000e+00     -2.0320e+01     8.0000e-01     3.8054e-05     1.3173e-05     1.3173e-05
9.0000e+00     -1.9120e+01     8.0000e-01     2.3979e-04     1.9234e-04     1.9234e-04
9.0000e+00     -1.7920e+01     8.0000e-01     1.1139e-03     6.0459e-04     6.0459e-04
9.0000e+00     -2.0750e+01     5.0000e-01     1.6133e-05     1.0756e-05     6.7223e-06
9.0000e+00     -2.0250e+01     5.0000e-01     4.2755e-05     1.7369e-05     1.4697e-05
9.0000e+00     -1.9750e+01     5.0000e-01     9.9020e-05     2.0629e-05     1.9804e-05
9.0000e+00     -1.9250e+01     5.0000e-01     2.0867e-04     5.3278e-05     5.3278e-05
9.0000e+00     -1.8550e+01     5.0000e-01     5.2645e-04     1.7223e-04     1.5057e-04
9.0000e+00     -1.8050e+01     5.0000e-01     8.6504e-04     2.4159e-04     2.4159e-04
9.0000e+00     -1.7550e+01     5.0000e-01     1.6231e-03     5.2824e-04     5.2824e-04
1.0000e+01     -2.1250e+01     8.0000e-01     1.8932e-06     1.8932e-06     1.8932e-06
1.0000e+01     -2.0250e+01     8.0000e-01     1.8641e-05     9.3204e-06     9.3204e-06
1.0000e+01     -1.9250e+01     8.0000e-01     1.0670e-04     6.9042e-05     6.9042e-05
1.0000e+01     -1.8250e+01     8.0000e-01     4.4454e-04     2.8076e-04     2.8076e-04
1.0000e+01     -1.7250e+01     8.0000e-01     1.4855e-03     1.2261e-03     1.2261e-03
1.0000e+01     -2.0750e+01     5.0000e-01     6.8936e-06     1.7234e-05     5.1702e-06
1.0000e+01     -2.0250e+01     5.0000e-01     1.5902e-05     7.6564e-06     6.4785e-06
1.0000e+01     -1.9750e+01     5.0000e-01     4.4498e-05     1.2092e-05     1.0641e-05
1.0000e+01     -1.9250e+01     5.0000e-01     1.0161e-04     3.3295e-05     3.0999e-05
1.0000e+01     -1.8550e+01     5.0000e-01     2.8994e-04     1.0568e-04     1.0026e-04
1.0000e+01     -1.8050e+01     5.0000e-01     5.5397e-04     1.8170e-04     1.8008e-04
1.0000e+01     -1.7550e+01     5.0000e-01     1.0072e-03     4.0035e-04     3.7513e-04
1.1000e+01     -2.1250e+01     5.0000e-01     9.2555e-07     6.6111e-07     6.6111e-07
1.1000e+01     -2.0750e+01     5.0000e-01     5.0068e-07     3.9340e-07     2.8611e-07
1.1000e+01     -2.0250e+01     5.0000e-01     8.1996e-06     3.4525e-06     3.0209e-06
1.1000e+01     -1.9750e+01     5.0000e-01     2.2652e-05     8.3812e-06     7.2486e-06
1.1000e+01     -1.9250e+01     5.0000e-01     4.7425e-05     2.2066e-05     2.0748e-05
1.1000e+01     -1.8750e+01     5.0000e-01     1.2053e-04     5.4600e-05     4.9449e-05
1.1000e+01     -1.8250e+01     5.0000e-01     2.7142e-04     1.2703e-04     1.2322e-04
1.1000e+01     -2.2570e+01     5.0000e-01     4.7373e-09     4.7373e-09     4.7373e-09
1.1000e+01     -2.1800e+01     5.0000e-01     5.5967e-08     5.5533e-08     5.5533e-08
1.1000e+01     -2.0800e+01     5.0000e-01     1.5378e-06     5.2487e-07     5.2487e-07
1.1000e+01     -2.0050e+01     5.0000e-01     1.0175e-05     3.4308e-06     3.4308e-06
1.1000e+01     -1.9550e+01     5.0000e-01     3.0792e-05     1.3103e-05     1.3103e-05
1.1000e+01     -1.8850e+01     5.0000e-01     1.0157e-04     3.9736e-05     3.9736e-05
1.1000e+01     -1.8230e+01     5.0000e-01     3.5098e-04     1.5941e-04     1.5941e-04
1.2500e+01     -2.1250e+01     5.0000e-01     1.2699e-07     1.6932e-07     8.4658e-08
1.2500e+01     -2.0750e+01     5.0000e-01     1.1318e-06     1.4147e-06     8.4882e-07
1.2500e+01     -2.0250e+01     5.0000e-01     2.8415e-06     1.5983e-06     1.2431e-06
1.2500e+01     -1.9750e+01     5.0000e-01     1.2439e-05     8.4145e-06     5.4877e-06
1.2500e+01     -1.9250e+01     5.0000e-01     2.6468e-05     1.3542e-05     1.3542e-05
1.2500e+01     -1.8750e+01     5.0000e-01     7.8635e-05     5.0130e-05     3.5386e-05
1.2500e+01     -1.8250e+01     5.0000e-01     1.8085e-04     8.5842e-05     6.8340e-05
1.3500e+01     -1.9450e+01     5.0000e-01     1.4229e-05     9.5606e-06     9.5606e-06
1.3500e+01     -1.8950e+01     5.0000e-01     4.1975e-05     2.6909e-05     2.6909e-05
1.4500e+01     -2.0250e+01     5.0000e-01     2.1263e-06     4.2525e-06     1.4175e-06
