4.0000e+00     -2.2690e+01     5.0000e-01     3.6414e-06     2.9131e-06     2.9131e-06
4.0000e+00     -2.2190e+01     5.0000e-01     1.8495e-05     1.1097e-05     1.1097e-05
4.0000e+00     -2.1690e+01     5.0000e-01     8.6493e-05     1.7299e-05     1.7299e-05
4.0000e+00     -2.1190e+01     5.0000e-01     3.2416e-04     6.4831e-05     6.4831e-05
4.0000e+00     -2.0690e+01     5.0000e-01     7.3417e-04     1.4683e-04     1.4683e-04
4.0000e+00     -2.0190e+01     5.0000e-01     1.6885e-03     3.3769e-04     3.3769e-04
4.0000e+00     -1.9690e+01     5.0000e-01     2.4327e-03     4.8655e-04     4.8655e-04
4.0000e+00     -1.9190e+01     5.0000e-01     3.2351e-03     6.4702e-04     6.4702e-04
4.0000e+00     -1.8690e+01     5.0000e-01     3.9090e-03     7.8181e-04     7.8181e-04
4.0000e+00     -1.7940e+01     5.0000e-01     8.8283e-03     1.7657e-03     1.7657e-03
4.0000e+00     -1.6940e+01     5.0000e-01     2.3068e-02     4.6136e-03     4.6136e-03
4.0000e+00     -1.5940e+01     5.0000e-01     3.6305e-02     1.1010e-02     1.1010e-02
5.0000e+00     -2.3110e+01     5.0000e-01     4.7645e-07     4.7645e-07     4.7645e-07
5.0000e+00     -2.2610e+01     5.0000e-01     4.9297e-06     2.4648e-06     2.4648e-06
5.0000e+00     -2.2110e+01     5.0000e-01     2.5992e-05     6.4981e-06     6.4981e-06
5.0000e+00     -2.1610e+01     5.0000e-01     9.3089e-05     1.8618e-05     1.8618e-05
5.0000e+00     -2.1110e+01     5.0000e-01     2.7693e-04     5.5386e-05     5.5386e-05
5.0000e+00     -2.0610e+01     5.0000e-01     5.8583e-04     1.1717e-04     1.1717e-04
5.0000e+00     -2.0110e+01     5.0000e-01     9.7992e-04     1.9598e-04     1.9598e-04
5.0000e+00     -1.9610e+01     5.0000e-01     1.4340e-03     2.8679e-04     2.8679e-04
5.0000e+00     -1.9110e+01     5.0000e-01     2.6190e-03     5.2381e-04     5.2381e-04
5.0000e+00     -1.8360e+01     5.0000e-01     5.0291e-03     1.0058e-03     1.0058e-03
5.0000e+00     -1.7360e+01     5.0000e-01     1.1122e-02     2.2244e-03     2.2244e-03
5.0000e+00     -1.6360e+01     5.0000e-01     1.4775e-02     4.3172e-03     4.3172e-03
6.0000e+00     -2.2520e+01     5.0000e-01     3.2524e-06     3.2524e-06     3.2524e-06
6.0000e+00     -2.2020e+01     5.0000e-01     1.2954e-05     4.6265e-06     4.6265e-06
6.0000e+00     -2.1520e+01     5.0000e-01     5.0649e-05     1.0924e-05     1.0924e-05
6.0000e+00     -2.1020e+01     5.0000e-01     1.4435e-04     2.8870e-05     2.8870e-05
6.0000e+00     -2.0520e+01     5.0000e-01     3.3585e-04     6.7169e-05     6.7169e-05
6.0000e+00     -2.0020e+01     5.0000e-01     5.4879e-04     1.0976e-04     1.0976e-04
6.0000e+00     -1.9520e+01     5.0000e-01     1.0545e-03     2.1089e-04     2.1089e-04
6.0000e+00     -1.8770e+01     5.0000e-01     3.0046e-03     6.0092e-04     6.0092e-04
6.0000e+00     -1.7770e+01     5.0000e-01     6.7238e-03     1.3448e-03     1.3448e-03
6.0000e+00     -1.6770e+01     5.0000e-01     1.5357e-02     4.7239e-03     4.7239e-03
7.0000e+00     -2.2190e+01     5.0000e-01     3.1653e-06     6.3305e-06     6.3305e-06
7.0000e+00     -2.1690e+01     5.0000e-01     1.8491e-05     4.9611e-06     4.9611e-06
7.0000e+00     -2.1190e+01     5.0000e-01     3.8445e-05     1.2270e-05     1.2270e-05
7.0000e+00     -2.0690e+01     5.0000e-01     1.0611e-04     2.1222e-05     2.1222e-05
7.0000e+00     -2.0190e+01     5.0000e-01     2.2873e-04     5.3342e-05     5.3342e-05
7.0000e+00     -1.9690e+01     5.0000e-01     5.2238e-04     1.1175e-04     1.1175e-04
7.0000e+00     -1.9190e+01     5.0000e-01     1.0368e-03     2.9724e-04     2.9724e-04
7.0000e+00     -1.8690e+01     5.0000e-01     1.7048e-03     4.9847e-04     4.9847e-04
7.0000e+00     -1.7940e+01     5.0000e-01     2.5417e-03     6.3544e-04     6.3544e-04
7.0000e+00     -1.6940e+01     5.0000e-01     8.6015e-03     2.9981e-03     2.9981e-03
8.0000e+00     -2.1850e+01     5.0000e-01     3.1387e-06     2.0925e-06     2.0925e-06
8.0000e+00     -2.1350e+01     5.0000e-01     1.5518e-05     5.1728e-06     5.1728e-06
8.0000e+00     -2.0850e+01     5.0000e-01     3.8696e-05     1.0382e-05     1.0382e-05
8.0000e+00     -2.0100e+01     5.0000e-01     1.1935e-04     3.9785e-05     3.9785e-05
8.0000e+00     -1.9350e+01     5.0000e-01     2.9725e-04     1.0542e-04     1.0542e-04
8.0000e+00     -1.8600e+01     5.0000e-01     7.0253e-04     2.1715e-04     2.1715e-04
8.0000e+00     -1.7600e+01     5.0000e-01     2.2706e-03     8.5710e-04     8.5710e-04
9.0000e+00     -2.1920e+01     8.0000e-01     1.3030e-06     1.3030e-06     1.3030e-06
9.0000e+00     -2.1120e+01     8.0000e-01     8.4037e-06     3.6016e-06     3.6016e-06
9.0000e+00     -2.0320e+01     8.0000e-01     4.4649e-05     1.5455e-05     1.5455e-05
9.0000e+00     -1.9120e+01     8.0000e-01     2.1514e-04     1.7258e-04     1.7258e-04
9.0000e+00     -1.7920e+01     8.0000e-01     1.0702e-03     5.8089e-04     5.8089e-04
9.0000e+00     -2.0750e+01     5.0000e-01     1.6884e-05     1.1256e-05     7.0351e-06
9.0000e+00     -2.0250e+01     5.0000e-01     5.3657e-05     2.1798e-05     1.8445e-05
9.0000e+00     -1.9750e+01     5.0000e-01     9.2177e-05     1.9203e-05     1.8435e-05
9.0000e+00     -1.9250e+01     5.0000e-01     2.3174e-04     5.9167e-05     5.9167e-05
9.0000e+00     -1.8550e+01     5.0000e-01     4.7228e-04     1.5451e-04     1.3508e-04
9.0000e+00     -1.8050e+01     5.0000e-01     1.2241e-03     3.4186e-04     3.4186e-04
9.0000e+00     -1.7550e+01     5.0000e-01     1.1250e-03     3.6612e-04     3.6612e-04
1.0000e+01     -2.1250e+01     8.0000e-01     7.4006e-07     7.4006e-07     7.4006e-07
1.0000e+01     -2.0250e+01     8.0000e-01     1.7533e-05     8.7665e-06     8.7665e-06
1.0000e+01     -1.9250e+01     8.0000e-01     1.0281e-04     6.6521e-05     6.6521e-05
1.0000e+01     -1.8250e+01     8.0000e-01     4.2216e-04     2.6663e-04     2.6663e-04
1.0000e+01     -1.7250e+01     8.0000e-01     1.2483e-03     1.0303e-03     1.0303e-03
1.0000e+01     -2.0750e+01     5.0000e-01     9.6042e-06     2.4011e-05     7.2032e-06
1.0000e+01     -2.0250e+01     5.0000e-01     1.5812e-05     7.6133e-06     6.4420e-06
1.0000e+01     -1.9750e+01     5.0000e-01     4.0351e-05     1.0965e-05     9.6491e-06
1.0000e+01     -1.9250e+01     5.0000e-01     1.1988e-04     3.9282e-05     3.6572e-05
1.0000e+01     -1.8550e+01     5.0000e-01     3.5487e-04     1.2934e-04     1.2271e-04
1.0000e+01     -1.8050e+01     5.0000e-01     4.9228e-04     1.6146e-04     1.6003e-04
1.0000e+01     -1.7550e+01     5.0000e-01     1.1613e-03     4.6160e-04     4.3252e-04
1.1000e+01     -2.1250e+01     5.0000e-01     -1.0929e-06     -7.8062e-07     -7.8062e-07
1.1000e+01     -2.0750e+01     5.0000e-01     -6.5713e-07     -5.1632e-07     -3.7551e-07
1.1000e+01     -2.0250e+01     5.0000e-01     1.7621e-05     7.4193e-06     6.4919e-06
1.1000e+01     -1.9750e+01     5.0000e-01     -4.7898e-06     -1.7722e-06     -1.5327e-06
1.1000e+01     -1.9250e+01     5.0000e-01     7.9794e-05     3.7126e-05     3.4910e-05
1.1000e+01     -1.8750e+01     5.0000e-01     1.1168e-04     5.0589e-05     4.5817e-05
1.1000e+01     -1.8250e+01     5.0000e-01     1.9696e-04     9.2180e-05     8.9414e-05
1.1000e+01     -2.2570e+01     5.0000e-01     1.9186e-08     1.9186e-08     1.9186e-08
1.1000e+01     -2.1800e+01     5.0000e-01     -1.3598e-07     -1.3493e-07     -1.3493e-07
1.1000e+01     -2.0800e+01     5.0000e-01     2.8293e-06     9.6565e-07     9.6565e-07
1.1000e+01     -2.0050e+01     5.0000e-01     8.7437e-06     2.9483e-06     2.9483e-06
1.1000e+01     -1.9550e+01     5.0000e-01     8.8500e-07     3.7660e-07     3.7660e-07
1.1000e+01     -1.8850e+01     5.0000e-01     1.4114e-04     5.5218e-05     5.5218e-05
1.1000e+01     -1.8230e+01     5.0000e-01     6.9321e-04     3.1484e-04     3.1484e-04
1.2500e+01     -2.1250e+01     5.0000e-01     1.3986e-07     1.8648e-07     9.3239e-08
1.2500e+01     -2.0750e+01     5.0000e-01     -6.6022e-07     -8.2528e-07     -4.9517e-07
1.2500e+01     -2.0250e+01     5.0000e-01     9.1667e-06     5.1563e-06     4.0104e-06
1.2500e+01     -1.9750e+01     5.0000e-01     1.9102e-05     1.2922e-05     8.4275e-06
1.2500e+01     -1.9250e+01     5.0000e-01     5.8167e-05     2.9760e-05     2.9760e-05
1.2500e+01     -1.8750e+01     5.0000e-01     1.3298e-04     8.4777e-05     5.9843e-05
1.2500e+01     -1.8250e+01     5.0000e-01     1.6715e-04     7.9337e-05     6.3162e-05
1.3500e+01     -1.9450e+01     5.0000e-01     1.9432e-06     1.3057e-06     1.3057e-06
1.3500e+01     -1.8950e+01     5.0000e-01     2.5852e-05     1.6573e-05     1.6573e-05
1.4500e+01     -2.0250e+01     5.0000e-01     4.6398e-06     9.2796e-06     3.0932e-06
