1.1000e+01     -2.2690e+01     5.0000e-01     1.7308e-08     0.0000e+00     0.0000e+00
1.1000e+01     -2.2190e+01     5.0000e-01     8.3253e-08     0.0000e+00     0.0000e+00
1.1000e+01     -2.1690e+01     5.0000e-01     3.4247e-07     0.0000e+00     0.0000e+00
1.1000e+01     -2.1190e+01     5.0000e-01     1.2218e-06     0.0000e+00     0.0000e+00
1.1000e+01     -2.0690e+01     5.0000e-01     3.8387e-06     0.0000e+00     0.0000e+00
1.1000e+01     -2.0190e+01     5.0000e-01     1.0799e-05     0.0000e+00     0.0000e+00
1.1000e+01     -1.9690e+01     5.0000e-01     2.7668e-05     0.0000e+00     0.0000e+00
1.1000e+01     -1.9190e+01     5.0000e-01     6.5602e-05     0.0000e+00     0.0000e+00
1.1000e+01     -1.8690e+01     5.0000e-01     1.4588e-04     0.0000e+00     0.0000e+00
1.1000e+01     -1.7940e+01     5.0000e-01     4.3863e-04     0.0000e+00     0.0000e+00
1.1000e+01     -1.6940e+01     5.0000e-01     1.6448e-03     0.0000e+00     0.0000e+00
1.1000e+01     -1.5940e+01     5.0000e-01     5.3852e-03     0.0000e+00     0.0000e+00
1.2500e+01     -2.2690e+01     5.0000e-01     1.0306e-08     0.0000e+00     0.0000e+00
1.2500e+01     -2.2190e+01     5.0000e-01     4.7065e-08     0.0000e+00     0.0000e+00
1.2500e+01     -2.1690e+01     5.0000e-01     1.8827e-07     0.0000e+00     0.0000e+00
1.2500e+01     -2.1190e+01     5.0000e-01     6.6861e-07     0.0000e+00     0.0000e+00
1.2500e+01     -2.0690e+01     5.0000e-01     2.1369e-06     0.0000e+00     0.0000e+00
1.2500e+01     -2.0190e+01     5.0000e-01     6.2276e-06     0.0000e+00     0.0000e+00
1.2500e+01     -1.9690e+01     5.0000e-01     1.6750e-05     0.0000e+00     0.0000e+00
1.2500e+01     -1.9190e+01     5.0000e-01     4.2024e-05     0.0000e+00     0.0000e+00
1.2500e+01     -1.8690e+01     5.0000e-01     9.9220e-05     0.0000e+00     0.0000e+00
1.2500e+01     -1.7940e+01     5.0000e-01     3.2616e-04     0.0000e+00     0.0000e+00
1.2500e+01     -1.6940e+01     5.0000e-01     1.3616e-03     0.0000e+00     0.0000e+00
1.2500e+01     -1.5940e+01     5.0000e-01     4.8592e-03     0.0000e+00     0.0000e+00
1.3500e+01     -2.2690e+01     5.0000e-01     1.1656e-08     0.0000e+00     0.0000e+00
1.3500e+01     -2.2190e+01     5.0000e-01     4.9831e-08     0.0000e+00     0.0000e+00
1.3500e+01     -2.1690e+01     5.0000e-01     1.9065e-07     0.0000e+00     0.0000e+00
1.3500e+01     -2.1190e+01     5.0000e-01     6.5968e-07     0.0000e+00     0.0000e+00
1.3500e+01     -2.0690e+01     5.0000e-01     2.0858e-06     0.0000e+00     0.0000e+00
1.3500e+01     -2.0190e+01     5.0000e-01     6.0840e-06     0.0000e+00     0.0000e+00
1.3500e+01     -1.9690e+01     5.0000e-01     1.6514e-05     0.0000e+00     0.0000e+00
1.3500e+01     -1.9190e+01     5.0000e-01     4.2027e-05     0.0000e+00     0.0000e+00
1.3500e+01     -1.8690e+01     5.0000e-01     1.0091e-04     0.0000e+00     0.0000e+00
1.3500e+01     -1.7940e+01     5.0000e-01     3.4042e-04     0.0000e+00     0.0000e+00
1.3500e+01     -1.6940e+01     5.0000e-01     1.4624e-03     0.0000e+00     0.0000e+00
1.3500e+01     -1.5940e+01     5.0000e-01     5.3047e-03     0.0000e+00     0.0000e+00
1.4500e+01     -2.2690e+01     5.0000e-01     1.8911e-08     0.0000e+00     0.0000e+00
1.4500e+01     -2.2190e+01     5.0000e-01     7.5120e-08     0.0000e+00     0.0000e+00
1.4500e+01     -2.1690e+01     5.0000e-01     2.7203e-07     0.0000e+00     0.0000e+00
1.4500e+01     -2.1190e+01     5.0000e-01     9.0487e-07     0.0000e+00     0.0000e+00
1.4500e+01     -2.0690e+01     5.0000e-01     2.7845e-06     0.0000e+00     0.0000e+00
1.4500e+01     -2.0190e+01     5.0000e-01     7.9790e-06     0.0000e+00     0.0000e+00
1.4500e+01     -1.9690e+01     5.0000e-01     2.1415e-05     0.0000e+00     0.0000e+00
1.4500e+01     -1.9190e+01     5.0000e-01     5.4107e-05     0.0000e+00     0.0000e+00
1.4500e+01     -1.8690e+01     5.0000e-01     1.2925e-04     0.0000e+00     0.0000e+00
1.4500e+01     -1.7940e+01     5.0000e-01     4.3282e-04     0.0000e+00     0.0000e+00
1.4500e+01     -1.6940e+01     5.0000e-01     1.8326e-03     0.0000e+00     0.0000e+00
1.4500e+01     -1.5940e+01     5.0000e-01     6.4931e-03     0.0000e+00     0.0000e+00
