1.1000e+01     -2.2690e+01     5.0000e-01     7.8154e-08     0.0000e+00     0.0000e+00
1.1000e+01     -2.2190e+01     5.0000e-01     2.5561e-07     0.0000e+00     0.0000e+00
1.1000e+01     -2.1690e+01     5.0000e-01     7.7050e-07     0.0000e+00     0.0000e+00
1.1000e+01     -2.1190e+01     5.0000e-01     2.1590e-06     0.0000e+00     0.0000e+00
1.1000e+01     -2.0690e+01     5.0000e-01     5.6656e-06     0.0000e+00     0.0000e+00
1.1000e+01     -2.0190e+01     5.0000e-01     1.4015e-05     0.0000e+00     0.0000e+00
1.1000e+01     -1.9690e+01     5.0000e-01     3.2870e-05     0.0000e+00     0.0000e+00
1.1000e+01     -1.9190e+01     5.0000e-01     7.3461e-05     0.0000e+00     0.0000e+00
1.1000e+01     -1.8690e+01     5.0000e-01     1.5714e-04     0.0000e+00     0.0000e+00
1.1000e+01     -1.7940e+01     5.0000e-01     4.5662e-04     0.0000e+00     0.0000e+00
1.1000e+01     -1.6940e+01     5.0000e-01     1.6760e-03     0.0000e+00     0.0000e+00
1.1000e+01     -1.5940e+01     5.0000e-01     5.4391e-03     0.0000e+00     0.0000e+00
1.2500e+01     -2.2690e+01     5.0000e-01     2.6093e-08     0.0000e+00     0.0000e+00
1.2500e+01     -2.2190e+01     5.0000e-01     9.4019e-08     0.0000e+00     0.0000e+00
1.2500e+01     -2.1690e+01     5.0000e-01     3.1188e-07     0.0000e+00     0.0000e+00
1.2500e+01     -2.1190e+01     5.0000e-01     9.5941e-07     0.0000e+00     0.0000e+00
1.2500e+01     -2.0690e+01     5.0000e-01     2.7551e-06     0.0000e+00     0.0000e+00
1.2500e+01     -2.0190e+01     5.0000e-01     7.4298e-06     0.0000e+00     0.0000e+00
1.2500e+01     -1.9690e+01     5.0000e-01     1.8916e-05     0.0000e+00     0.0000e+00
1.2500e+01     -1.9190e+01     5.0000e-01     4.5681e-05     0.0000e+00     0.0000e+00
1.2500e+01     -1.8690e+01     5.0000e-01     1.0508e-04     0.0000e+00     0.0000e+00
1.2500e+01     -1.7940e+01     5.0000e-01     3.3717e-04     0.0000e+00     0.0000e+00
1.2500e+01     -1.6940e+01     5.0000e-01     1.3850e-03     0.0000e+00     0.0000e+00
1.2500e+01     -1.5940e+01     5.0000e-01     4.9067e-03     0.0000e+00     0.0000e+00
1.3500e+01     -2.2690e+01     5.0000e-01     2.1287e-08     0.0000e+00     0.0000e+00
1.3500e+01     -2.2190e+01     5.0000e-01     7.8361e-08     0.0000e+00     0.0000e+00
1.3500e+01     -2.1690e+01     5.0000e-01     2.6642e-07     0.0000e+00     0.0000e+00
1.3500e+01     -2.1190e+01     5.0000e-01     8.4175e-07     0.0000e+00     0.0000e+00
1.3500e+01     -2.0690e+01     5.0000e-01     2.4855e-06     0.0000e+00     0.0000e+00
1.3500e+01     -2.0190e+01     5.0000e-01     6.8940e-06     0.0000e+00     0.0000e+00
1.3500e+01     -1.9690e+01     5.0000e-01     1.8044e-05     0.0000e+00     0.0000e+00
1.3500e+01     -1.9190e+01     5.0000e-01     4.4750e-05     0.0000e+00     0.0000e+00
1.3500e+01     -1.8690e+01     5.0000e-01     1.0552e-04     0.0000e+00     0.0000e+00
1.3500e+01     -1.7940e+01     5.0000e-01     3.4983e-04     0.0000e+00     0.0000e+00
1.3500e+01     -1.6940e+01     5.0000e-01     1.4845e-03     0.0000e+00     0.0000e+00
1.3500e+01     -1.5940e+01     5.0000e-01     5.3531e-03     0.0000e+00     0.0000e+00
1.4500e+01     -2.2690e+01     5.0000e-01     2.7326e-08     0.0000e+00     0.0000e+00
1.4500e+01     -2.2190e+01     5.0000e-01     9.9436e-08     0.0000e+00     0.0000e+00
1.4500e+01     -2.1690e+01     5.0000e-01     3.3592e-07     0.0000e+00     0.0000e+00
1.4500e+01     -2.1190e+01     5.0000e-01     1.0587e-06     0.0000e+00     0.0000e+00
1.4500e+01     -2.0690e+01     5.0000e-01     3.1264e-06     0.0000e+00     0.0000e+00
1.4500e+01     -2.0190e+01     5.0000e-01     8.6869e-06     0.0000e+00     0.0000e+00
1.4500e+01     -1.9690e+01     5.0000e-01     2.2791e-05     0.0000e+00     0.0000e+00
1.4500e+01     -1.9190e+01     5.0000e-01     5.6637e-05     0.0000e+00     0.0000e+00
1.4500e+01     -1.8690e+01     5.0000e-01     1.3368e-04     0.0000e+00     0.0000e+00
1.4500e+01     -1.7940e+01     5.0000e-01     4.4237e-04     0.0000e+00     0.0000e+00
1.4500e+01     -1.6940e+01     5.0000e-01     1.8564e-03     0.0000e+00     0.0000e+00
1.4500e+01     -1.5940e+01     5.0000e-01     6.5470e-03     0.0000e+00     0.0000e+00
