4.000000000000000000e+00    -2.269000000000000128e+01    5.000000000000000000e-01    5.000000000000000409e-06    1.999999999999999909e-06    -1.999999999999999909e-06
4.000000000000000000e+00    -2.219000000000000128e+01    5.000000000000000000e-01    1.500000000000000038e-05    4.500000000000000114e-06    -4.500000000000000114e-06
4.000000000000000000e+00    -2.169000000000000128e+01    5.000000000000000000e-01    1.440000000000000036e-04    1.099999999999999971e-05    -1.099999999999999971e-05
4.000000000000000000e+00    -2.119000000000000128e+01    5.000000000000000000e-01    3.440000000000000132e-04    1.900000000000000105e-05    -1.900000000000000105e-05
4.000000000000000000e+00    -2.069000000000000128e+01    5.000000000000000000e-01    6.980000000000000527e-04    3.399999999999999973e-05    -3.399999999999999973e-05
4.000000000000000000e+00    -2.019000000000000128e+01    5.000000000000000000e-01    1.624000000000000010e-03    6.550000000000000646e-05    -6.550000000000000646e-05
4.000000000000000000e+00    -1.969000000000000128e+01    5.000000000000000000e-01    2.275999999999999811e-03    9.950000000000000619e-05    -9.950000000000000619e-05
4.000000000000000000e+00    -1.919000000000000128e+01    5.000000000000000000e-01    3.056000000000000123e-03    1.939999999999999993e-04    -1.939999999999999993e-04
4.000000000000000000e+00    -1.869000000000000128e+01    5.000000000000000000e-01    4.370999999999999885e-03    3.445000000000000254e-04    -3.445000000000000254e-04
4.000000000000000000e+00    -1.794000000000000128e+01    5.000000000000000000e-01    1.016000000000000063e-02    4.600000000000000139e-04    -4.600000000000000139e-04
4.000000000000000000e+00    -1.694000000000000128e+01    5.000000000000000000e-01    2.741999999999999993e-02    1.719999999999999958e-03    -1.719999999999999958e-03
4.000000000000000000e+00    -1.593999999999999950e+01    5.000000000000000000e-01    2.881999999999999840e-02    4.369999999999999753e-03    -4.369999999999999753e-03
5.000000000000000000e+00    -2.310999999999999943e+01    5.000000000000000000e-01    9.999999999999999547e-07    4.999999999999999774e-07    -4.999999999999999774e-07
5.000000000000000000e+00    -2.260999999999999943e+01    5.000000000000000000e-01    3.999999999999999819e-06    9.999999999999999547e-07    -9.999999999999999547e-07
5.000000000000000000e+00    -2.210999999999999943e+01    5.000000000000000000e-01    2.799999999999999958e-05    3.499999999999999947e-06    -3.499999999999999947e-06
5.000000000000000000e+00    -2.160999999999999943e+01    5.000000000000000000e-01    9.200000000000000007e-05    6.499999999999999600e-06    -6.499999999999999600e-06
5.000000000000000000e+00    -2.110999999999999943e+01    5.000000000000000000e-01    2.620000000000000258e-04    1.200000000000000030e-05    -1.200000000000000030e-05
5.000000000000000000e+00    -2.060999999999999943e+01    5.000000000000000000e-01    5.839999999999999922e-04    2.199999999999999943e-05    -2.199999999999999943e-05
5.000000000000000000e+00    -2.010999999999999943e+01    5.000000000000000000e-01    8.790000000000000070e-04    3.350000000000000113e-05    -3.350000000000000113e-05
5.000000000000000000e+00    -1.960999999999999943e+01    5.000000000000000000e-01    1.593999999999999931e-03    7.799999999999999859e-05    -7.799999999999999859e-05
5.000000000000000000e+00    -1.910999999999999943e+01    5.000000000000000000e-01    2.158999999999999895e-03    1.730000000000000038e-04    -1.730000000000000038e-04
5.000000000000000000e+00    -1.835999999999999943e+01    5.000000000000000000e-01    4.619999999999999975e-03    2.599999999999999772e-04    -2.599999999999999772e-04
5.000000000000000000e+00    -1.735999999999999943e+01    5.000000000000000000e-01    8.779999999999999610e-03    7.699999999999999597e-04    -7.699999999999999597e-04
5.000000000000000000e+00    -1.635999999999999943e+01    5.000000000000000000e-01    2.511999999999999997e-02    3.670000000000000085e-03    -3.670000000000000085e-03
6.000000000000000000e+00    -2.251999999999999957e+01    5.000000000000000000e-01    1.999999999999999909e-06    9.999999999999999547e-07    -9.999999999999999547e-07
6.000000000000000000e+00    -2.201999999999999957e+01    5.000000000000000000e-01    1.399999999999999979e-05    2.500000000000000205e-06    -2.500000000000000205e-06
6.000000000000000000e+00    -2.151999999999999957e+01    5.000000000000000000e-01    5.099999999999999960e-05    5.499999999999999857e-06    -5.499999999999999857e-06
6.000000000000000000e+00    -2.101999999999999957e+01    5.000000000000000000e-01    1.689999999999999879e-04    1.200000000000000030e-05    -1.200000000000000030e-05
6.000000000000000000e+00    -2.051999999999999957e+01    5.000000000000000000e-01    3.170000000000000075e-04    2.050000000000000024e-05    -2.050000000000000024e-05
6.000000000000000000e+00    -2.001999999999999957e+01    5.000000000000000000e-01    7.240000000000000342e-04    4.350000000000000026e-05    -4.350000000000000026e-05
6.000000000000000000e+00    -1.951999999999999957e+01    5.000000000000000000e-01    1.147000000000000016e-03    7.849999999999999719e-05    -7.849999999999999719e-05
6.000000000000000000e+00    -1.876999999999999957e+01    5.000000000000000000e-01    2.820000000000000024e-03    2.200000000000000078e-04    -2.200000000000000078e-04
6.000000000000000000e+00    -1.776999999999999957e+01    5.000000000000000000e-01    8.359999999999999376e-03    8.300000000000000086e-04    -8.300000000000000086e-04
6.000000000000000000e+00    -1.676999999999999957e+01    5.000000000000000000e-01    1.710000000000000062e-02    2.629999999999999959e-03    -2.629999999999999959e-03
7.000000000000000000e+00    -2.219000000000000128e+01    5.000000000000000000e-01    9.999999999999999547e-07    9.999999999999999547e-07    -9.999999999999999547e-07
7.000000000000000000e+00    -2.169000000000000128e+01    5.000000000000000000e-01    4.100000000000000047e-05    5.499999999999999857e-06    -5.499999999999999857e-06
7.000000000000000000e+00    -2.119000000000000128e+01    5.000000000000000000e-01    4.699999999999999724e-05    7.500000000000000190e-06    -7.500000000000000190e-06
7.000000000000000000e+00    -2.069000000000000128e+01    5.000000000000000000e-01    1.979999999999999881e-04    1.800000000000000046e-05    -1.800000000000000046e-05
7.000000000000000000e+00    -2.019000000000000128e+01    5.000000000000000000e-01    2.829999999999999942e-04    3.300000000000000253e-05    -3.300000000000000253e-05
7.000000000000000000e+00    -1.969000000000000128e+01    5.000000000000000000e-01    5.890000000000000053e-04    6.299999999999999990e-05    -6.299999999999999990e-05
7.000000000000000000e+00    -1.919000000000000128e+01    5.000000000000000000e-01    1.172000000000000082e-03    1.679999999999999907e-04    -1.679999999999999907e-04
7.000000000000000000e+00    -1.869000000000000128e+01    5.000000000000000000e-01    1.433000000000000029e-03    2.094999999999999966e-04    -2.094999999999999966e-04
7.000000000000000000e+00    -1.794000000000000128e+01    5.000000000000000000e-01    5.760000000000000363e-03    7.200000000000000453e-04    -7.200000000000000453e-04
7.000000000000000000e+00    -1.694000000000000128e+01    5.000000000000000000e-01    8.319999999999999271e-03    1.449999999999999900e-03    -1.449999999999999900e-03
8.000000000000000000e+00    -2.185000000000000142e+01    5.000000000000000000e-01    3.000000000000000076e-06    9.999999999999999547e-07    -9.999999999999999547e-07
8.000000000000000000e+00    -2.135000000000000142e+01    5.000000000000000000e-01    1.200000000000000030e-05    1.999999999999999909e-06    -1.999999999999999909e-06
8.000000000000000000e+00    -2.085000000000000142e+01    5.000000000000000000e-01    4.100000000000000047e-05    5.499999999999999857e-06    -5.499999999999999857e-06
8.000000000000000000e+00    -2.010000000000000142e+01    5.000000000000000000e-01    1.200000000000000030e-04    2.000000000000000164e-05    -2.000000000000000164e-05
8.000000000000000000e+00    -1.935000000000000142e+01    5.000000000000000000e-01    6.570000000000000319e-04    1.164999999999999993e-04    -1.164999999999999993e-04
8.000000000000000000e+00    -1.860000000000000142e+01    5.000000000000000000e-01    1.100000000000000066e-03    1.700000000000000122e-04    -1.700000000000000122e-04
8.000000000000000000e+00    -1.760000000000000142e+01    5.000000000000000000e-01    3.020000000000000115e-03    5.699999999999999772e-04    -5.699999999999999772e-04
9.000000000000000000e+00    -2.192000000000000171e+01    8.000000000000000444e-01    9.999999999999999547e-07    4.999999999999999774e-07    -4.999999999999999774e-07
9.000000000000000000e+00    -2.112000000000000099e+01    8.000000000000000444e-01    6.999999999999999895e-06    1.500000000000000038e-06    -1.500000000000000038e-06
9.000000000000000000e+00    -2.032000000000000028e+01    8.000000000000000444e-01    2.599999999999999840e-05    4.500000000000000114e-06    -4.500000000000000114e-06
9.000000000000000000e+00    -1.912000000000000099e+01    8.000000000000000444e-01    1.869999999999999917e-04    7.499999999999999343e-05    -7.499999999999999343e-05
9.000000000000000000e+00    -1.792000000000000171e+01    8.000000000000000444e-01    9.229999999999999923e-04    2.505000000000000174e-04    -2.505000000000000174e-04
1.000000000000000000e+01    -2.125000000000000000e+01    8.000000000000000444e-01    9.999999999999999547e-07    4.999999999999999774e-07    -4.999999999999999774e-07
1.000000000000000000e+01    -2.025000000000000000e+01    8.000000000000000444e-01    1.000000000000000082e-05    2.500000000000000205e-06    -2.500000000000000205e-06
1.000000000000000000e+01    -1.925000000000000000e+01    8.000000000000000444e-01    3.399999999999999973e-05    1.099999999999999971e-05    -1.099999999999999971e-05
1.000000000000000000e+01    -1.825000000000000000e+01    8.000000000000000444e-01    1.900000000000000105e-04    6.000000000000000152e-05    -6.000000000000000152e-05
1.000000000000000000e+01    -1.725000000000000000e+01    8.000000000000000444e-01    6.300000000000000261e-04    2.599999999999999772e-04    -2.599999999999999772e-04
