# From  https://iopscience.iop.org/article/10.3847/1538-4357/ad2a7b/pdf 
#  For the z=8 data I chose to use the measurements that omitted a suspected overdensity \ z , MUV , MUV bin width , Phi_UV [Mpc^-3 mag^-1] , +sigma_Phi_UV ,  -sigma_Phi_UV  [Mpc^-3 mag^-1]
8.0000e+00     -2.1350e+01     5.0000e-01     8.3700e-06     7.1100e-06     -7.1100e-06
8.0000e+00     -2.0850e+01     5.0000e-01     7.9350e-05     3.0860e-05     -3.0860e-05
8.0000e+00     -2.0350e+01     5.0000e-01     9.0900e-05     3.4090e-05     -3.4090e-05
8.0000e+00     -1.9850e+01     5.0000e-01     2.0390e-04     5.9670e-05     -5.9670e-05
8.0000e+00     -1.9350e+01     5.0000e-01     4.5460e-04     1.9970e-04     -1.9970e-04
8.0000e+00     -1.8600e+01     5.0000e-01     6.7410e-04     2.7730e-04     -2.7730e-04
9.0000e+00     -2.2050e+01     5.0000e-01     6.2800e-06     5.3600e-06     -5.3600e-06
9.0000e+00     -2.1550e+01     5.0000e-01     6.2800e-06     5.3600e-06     -5.3600e-06
9.0000e+00     -2.1050e+01     5.0000e-01     1.2570e-05     8.5100e-06     -8.5100e-06
9.0000e+00     -2.0550e+01     5.0000e-01     6.4270e-05     2.5340e-05     -2.5340e-05
9.0000e+00     -2.0050e+01     5.0000e-01     1.0760e-04     5.8250e-05     -5.8250e-05
9.0000e+00     -1.9550e+01     5.0000e-01     1.8220e-04     9.4420e-05     -9.4420e-05
9.0000e+00     -1.8800e+01     5.0000e-01     4.2450e-04     2.0320e-04     -2.0320e-04
1.0500e+01     -2.0950e+01     5.0000e-01     7.2100e-06     4.8000e-06     -4.8000e-06
1.0500e+01     -2.0450e+01     5.0000e-01     1.8550e-05     8.8000e-06     -8.8000e-06
1.0500e+01     -1.9750e+01     5.0000e-01     3.3310e-05     1.3140e-05     -1.3140e-05
1.0500e+01     -1.9450e+01     5.0000e-01     6.6740e-05     3.9600e-05     -3.9600e-05
1.0500e+01     -1.8700e+01     5.0000e-01     9.9960e-05     6.1550e-05     -6.1550e-05
1.2500e+01     -2.0750e+01     5.0000e-01     8.5200e-06     5.7000e-06     -5.7000e-06
1.2500e+01     -2.0250e+01     5.0000e-01     2.1480e-05     1.3750e-05     -1.3750e-05
1.2500e+01     -1.9500e+01     5.0000e-01     5.9230e-05     3.8840e-05     -3.8840e-05
