# From  Muñoz+23, adapted from Harikane_+22 
#  z , MUV , effective bias, bias error
3.8000e+00     -2.2240e+01     6.4700e+00     1.0000e-01
3.8000e+00     -2.1740e+01     5.0900e+00     9.0000e-02
3.8000e+00     -2.1240e+01     4.1200e+00     8.0000e-02
3.8000e+00     -2.0740e+01     3.5900e+00     8.0000e-02
3.8000e+00     -2.0240e+01     3.0200e+00     1.1000e-01
4.9000e+00     -2.2670e+01     8.4500e+00     1.0000e-01
4.9000e+00     -2.2170e+01     6.8000e+00     1.0000e-01
4.9000e+00     -2.1670e+01     5.8300e+00     1.0000e-01
4.9000e+00     -2.1170e+01     4.9600e+00     1.0000e-01
4.9000e+00     -2.0670e+01     4.6800e+00     1.2000e-01
5.9000e+00     -2.1970e+01     8.4200e+00     1.8000e-01
5.9000e+00     -2.1470e+01     7.3300e+00     1.4000e-01
