# From https://arxiv.org/abs/2102.07775
# z , MUV , MUV bin width , Phi_UV [Mpc^-3 mag^-1] , +sigma_Phi_UV ,  -sigma_Phi_UV  [Mpc^-3 mag^-1]


8.0000e+00     -2.1850e+01     5.0000e-01     3.0000e-06     2.0000e-06     -2.0000e-06
8.0000e+00     -2.1350e+01     5.0000e-01     1.2000e-05     4.0000e-06     -4.0000e-06
8.0000e+00     -2.0850e+01     5.0000e-01     4.1000e-05     1.1000e-05     -1.1000e-05
8.0000e+00     -2.0100e+01     5.0000e-01     1.2000e-04     4.0000e-05     -4.0000e-05
8.0000e+00     -1.9350e+01     5.0000e-01     6.5700e-04     2.3300e-04     -2.3300e-04
8.0000e+00     -1.8600e+01     5.0000e-01     1.1000e-03     3.4000e-04     -3.4000e-04
8.0000e+00     -1.7600e+01     5.0000e-01     3.0200e-03     1.1400e-03     -1.1400e-03
9.0000e+00     -2.1920e+01     8.0000e-01     1.0000e-06     1.0000e-06     -1.0000e-06
9.0000e+00     -2.1120e+01     8.0000e-01     7.0000e-06     3.0000e-06     -3.0000e-06
9.0000e+00     -2.0320e+01     8.0000e-01     2.6000e-05     9.0000e-06     -9.0000e-06
9.0000e+00     -1.9120e+01     8.0000e-01     1.8700e-04     1.5000e-04     -1.5000e-04
9.0000e+00     -1.7920e+01     8.0000e-01     9.2300e-04     5.0100e-04     -5.0100e-04
1.0000e+01     -2.1250e+01     8.0000e-01     1.0000e-06     1.0000e-06     -1.0000e-06
1.0000e+01     -2.0250e+01     8.0000e-01     1.0000e-05     5.0000e-06     -5.0000e-06
1.0000e+01     -1.9250e+01     8.0000e-01     3.4000e-05     2.2000e-05     -2.2000e-05
1.0000e+01     -1.8250e+01     8.0000e-01     1.9000e-04     1.2000e-04     -1.2000e-04
1.0000e+01     -1.7250e+01     8.0000e-01     6.3000e-04     5.2000e-04     -5.2000e-04
