# From https://arxiv.org/abs/2102.07775
# z , MUV , MUV bin width , Phi_UV [Mpc^-3 mag^-1] , +sigma_Phi_UV ,  -sigma_Phi_UV  [Mpc^-3 mag^-1], sigma z, upper limit boolean

4.0000e+00     -2.2690e+01     5.0000e-01     5.0000e-06     4.0000e-06     -4.0000e-06         0.5     0.0000e+00
4.0000e+00     -2.2190e+01     5.0000e-01     1.5000e-05     9.0000e-06     -9.0000e-06         0.5     0.0000e+00
4.0000e+00     -2.1690e+01     5.0000e-01     1.4400e-04     2.2000e-05     -2.2000e-05         0.5     0.0000e+00
4.0000e+00     -2.1190e+01     5.0000e-01     3.4400e-04     3.8000e-05     -3.8000e-05         0.5     0.0000e+00         
4.0000e+00     -2.0690e+01     5.0000e-01     6.9800e-04     6.8000e-05     -6.8000e-05         0.5     0.0000e+00
4.0000e+00     -2.0190e+01     5.0000e-01     1.6240e-03     1.3100e-04     -1.3100e-04         0.5     0.0000e+00
4.0000e+00     -1.9690e+01     5.0000e-01     2.2760e-03     1.9900e-04     -1.9900e-04         0.5     0.0000e+00
4.0000e+00     -1.9190e+01     5.0000e-01     3.0560e-03     3.8800e-04     -3.8800e-04         0.5     0.0000e+00
4.0000e+00     -1.8690e+01     5.0000e-01     4.3710e-03     6.8900e-04     -6.8900e-04         0.5     0.0000e+00
4.0000e+00     -1.7940e+01     5.0000e-01     1.0160e-02     9.2000e-04     -9.2000e-04         0.5     0.0000e+00
4.0000e+00     -1.6940e+01     5.0000e-01     2.7420e-02     3.4400e-03     -3.4400e-03         0.5     0.0000e+00
4.0000e+00     -1.5940e+01     5.0000e-01     2.8820e-02     8.7400e-03     -8.7400e-03         0.5     0.0000e+00
5.0000e+00     -2.3110e+01     5.0000e-01     1.0000e-06     1.0000e-06     -1.0000e-06         0.5     0.0000e+00
5.0000e+00     -2.2610e+01     5.0000e-01     4.0000e-06     2.0000e-06     -2.0000e-06         0.5     0.0000e+00
5.0000e+00     -2.2110e+01     5.0000e-01     2.8000e-05     7.0000e-06     -7.0000e-06         0.5     0.0000e+00
5.0000e+00     -2.1610e+01     5.0000e-01     9.2000e-05     1.3000e-05     -1.3000e-05         0.5     0.0000e+00
5.0000e+00     -2.1110e+01     5.0000e-01     2.6200e-04     2.4000e-05     -2.4000e-05         0.5     0.0000e+00
5.0000e+00     -2.0610e+01     5.0000e-01     5.8400e-04     4.4000e-05     -4.4000e-05         0.5     0.0000e+00
5.0000e+00     -2.0110e+01     5.0000e-01     8.7900e-04     6.7000e-05     -6.7000e-05         0.5     0.0000e+00
5.0000e+00     -1.9610e+01     5.0000e-01     1.5940e-03     1.5600e-04     -1.5600e-04         0.5     0.0000e+00
5.0000e+00     -1.9110e+01     5.0000e-01     2.1590e-03     3.4600e-04     -3.4600e-04         0.5     0.0000e+00
5.0000e+00     -1.8360e+01     5.0000e-01     4.6200e-03     5.2000e-04     -5.2000e-04         0.5     0.0000e+00
5.0000e+00     -1.7360e+01     5.0000e-01     8.7800e-03     1.5400e-03     -1.5400e-03         0.5     0.0000e+00
5.0000e+00     -1.6360e+01     5.0000e-01     2.5120e-02     7.3400e-03     -7.3400e-03         0.5     0.0000e+00
6.0000e+00     -2.2520e+01     5.0000e-01     2.0000e-06     2.0000e-06     -2.0000e-06         0.5     0.0000e+00
6.0000e+00     -2.2020e+01     5.0000e-01     1.4000e-05     5.0000e-06     -5.0000e-06         0.5     0.0000e+00
6.0000e+00     -2.1520e+01     5.0000e-01     5.1000e-05     1.1000e-05     -1.1000e-05         0.5     0.0000e+00
6.0000e+00     -2.1020e+01     5.0000e-01     1.6900e-04     2.4000e-05     -2.4000e-05         0.5     0.0000e+00
6.0000e+00     -2.0520e+01     5.0000e-01     3.1700e-04     4.1000e-05     -4.1000e-05         0.5     0.0000e+00
6.0000e+00     -2.0020e+01     5.0000e-01     7.2400e-04     8.7000e-05     -8.7000e-05         0.5     0.0000e+00
6.0000e+00     -1.9520e+01     5.0000e-01     1.1470e-03     1.5700e-04     -1.5700e-04         0.5     0.0000e+00
6.0000e+00     -1.8770e+01     5.0000e-01     2.8200e-03     4.4000e-04     -4.4000e-04         0.5     0.0000e+00
6.0000e+00     -1.7770e+01     5.0000e-01     8.3600e-03     1.6600e-03     -1.6600e-03         0.5     0.0000e+00
6.0000e+00     -1.6770e+01     5.0000e-01     1.7100e-02     5.2600e-03     -5.2600e-03         0.5     0.0000e+00
7.0000e+00     -2.2190e+01     5.0000e-01     1.0000e-06     2.0000e-06     -2.0000e-06         0.5     0.0000e+00
7.0000e+00     -2.1690e+01     5.0000e-01     4.1000e-05     1.1000e-05     -1.1000e-05         0.5     0.0000e+00
7.0000e+00     -2.1190e+01     5.0000e-01     4.7000e-05     1.5000e-05     -1.5000e-05         0.5     0.0000e+00
7.0000e+00     -2.0690e+01     5.0000e-01     1.9800e-04     3.6000e-05     -3.6000e-05         0.5     0.0000e+00
7.0000e+00     -2.0190e+01     5.0000e-01     2.8300e-04     6.6000e-05     -6.6000e-05         0.5     0.0000e+00
7.0000e+00     -1.9690e+01     5.0000e-01     5.8900e-04     1.2600e-04     -1.2600e-04         0.5     0.0000e+00
7.0000e+00     -1.9190e+01     5.0000e-01     1.1720e-03     3.3600e-04     -3.3600e-04         0.5     0.0000e+00
7.0000e+00     -1.8690e+01     5.0000e-01     1.4330e-03     4.1900e-04     -4.1900e-04         0.5     0.0000e+00
7.0000e+00     -1.7940e+01     5.0000e-01     5.7600e-03     1.4400e-03     -1.4400e-03         0.5     0.0000e+00
7.0000e+00     -1.6940e+01     5.0000e-01     8.3200e-03     2.9000e-03     -2.9000e-03         0.5     0.0000e+00
8.0000e+00     -2.1850e+01     5.0000e-01     3.0000e-06     2.0000e-06     -2.0000e-06         0.5     0.0000e+00
8.0000e+00     -2.1350e+01     5.0000e-01     1.2000e-05     4.0000e-06     -4.0000e-06         0.5     0.0000e+00
8.0000e+00     -2.0850e+01     5.0000e-01     4.1000e-05     1.1000e-05     -1.1000e-05         0.5     0.0000e+00
8.0000e+00     -2.0100e+01     5.0000e-01     1.2000e-04     4.0000e-05     -4.0000e-05         0.5     0.0000e+00
8.0000e+00     -1.9350e+01     5.0000e-01     6.5700e-04     2.3300e-04     -2.3300e-04         0.5     0.0000e+00
8.0000e+00     -1.8600e+01     5.0000e-01     1.1000e-03     3.4000e-04     -3.4000e-04         0.5     0.0000e+00
8.0000e+00     -1.7600e+01     5.0000e-01     3.0200e-03     1.1400e-03     -1.1400e-03         0.5     0.0000e+00
