# From  https://arxiv.org/pdf/2509.24881 
#  z , MUV , MUV bin width , Phi_UV [Mpc^-3 mag^-1] , +sigma_Phi_UV ,  -sigma_Phi_UV  [Mpc^-3 mag^-1], sigma z
9.0000e+00     -1.8500e+01     5.0000e-01     3.3113e-04     3.9330e-04     -2.4795e-04         0.5
9.0000e+00     -1.7500e+01     5.0000e-01     2.0893e-03     1.2991e-03     -9.1440e-04         0.5
9.0000e+00     -1.6500e+01     5.0000e-01     5.4954e-03     2.8222e-03     -1.9473e-03         0.5
9.0000e+00     -1.5500e+01     5.0000e-01     4.5709e-03     3.3724e-03     -2.3322e-03         0.5
9.0000e+00     -1.4500e+01     5.0000e-01     1.0233e-02     1.1147e-02     -7.6027e-03         0.5
9.0000e+00     -1.3500e+01     5.0000e-01     3.8905e-02     5.6595e-02     -3.5014e-02         0.5
9.0000e+00     -1.2500e+01     5.0000e-01     9.3325e-01     9.7221e-01     -6.8778e-01         0.5
1.0000e+01     -1.8500e+01     5.0000e-01     1.8197e-04     2.7512e-04     -1.6419e-04         0.5
1.0000e+01     -1.7500e+01     5.0000e-01     9.7724e-04     8.0104e-04     -5.4072e-04         0.5
1.0000e+01     -1.6500e+01     5.0000e-01     1.1749e-03     9.1440e-04     -6.3787e-04         0.5
1.0000e+01     -1.5500e+01     5.0000e-01     5.1286e-03     4.4213e-03     -2.9907e-03         0.5
1.0000e+01     -1.3500e+01     5.0000e-01     6.0256e-02     8.4288e-02     -5.4230e-02         0.5
1.0000e+01     -1.2500e+01     5.0000e-01     7.5858e-01     1.0611e+00     -6.8272e-01         0.5
1.1000e+01     -1.7500e+01     5.0000e-01     8.7096e-04     8.2728e-04     -5.2423e-04         0.5
1.1000e+01     -1.6500e+01     5.0000e-01     2.6303e-03     2.0471e-03     -1.3713e-03         0.5
1.1000e+01     -1.5500e+01     5.0000e-01     1.1749e-02     8.6684e-03     -5.7234e-03         0.5
1.3250e+01     -1.8500e+01     5.0000e-01     6.9183e-05     1.2136e-04     -6.2576e-05         1.75
1.3250e+01     -1.7500e+01     5.0000e-01     2.9512e-04     3.0744e-04     -1.8031e-04         1.75
1.3250e+01     -1.6500e+01     5.0000e-01     1.0000e-03     9.4984e-04     -5.7342e-04         1.75
1.3250e+01     -1.5500e+01     5.0000e-01     9.7724e-04     1.4775e-03     -8.8174e-04         1.75
