# from https://arxiv.org/pdf/2403.03171 Table 2. All bins DeltaMUV = 0.5
# z      MUV      MUV bin width   Phi_UV[Mpc^-3 mag^-1]      +sigma_Phi_UV    -sigma_Phi_UV  [Mpc^-3 mag^-1], sigma z, upper limit boolean
# Took out the z = 14.5 bin datapoint because at time of writing there are no spectroscopically confirmed galaxies at that epoch
# This one has old deltaz
9     -20.75    0.5             0.000012                   +0.000008         -0.000005         0.5     0.0000e+00
9     -20.25    0.5             0.000032                   +0.000013         -0.000011         0.5     0.0000e+00
9     -19.75    0.5             0.000144                   +0.000030         -0.000028         0.5     0.0000e+00
9     -19.25    0.5             0.000235                   +0.000060         -0.000060         0.5     0.0000e+00
9     -18.55    0.5             0.000486                   +0.000159         -0.000139         0.5     0.0000e+00
9     -18.05    0.5             0.001110                   +0.000310         -0.000310         0.5     0.0000e+00
9     -17.55    0.5             0.001776                   +0.000578         -0.000578         0.5     0.0000e+00
10    -20.75    0.5             0.000004                   +0.000010         -0.000003         0.5     0.0000e+00
10    -20.25    0.5             0.000027                   +0.000013         -0.000011         0.5     0.0000e+00
10    -19.75    0.5             0.000092                   +0.000025         -0.000022         0.5     0.0000e+00
10    -19.25    0.5             0.000177                   +0.000058         -0.000054         0.5     0.0000e+00
10    -18.55    0.5             0.000321                   +0.000117         -0.000111         0.5     0.0000e+00
10    -18.05    0.5             0.000686                   +0.000225         -0.000223         0.5     0.0000e+00
10    -17.55    0.5             0.001278                   +0.000508         -0.000476         0.5     0.0000e+00
11    -21.25    0.5             0.000007                   +0.000005         -0.000005         0.5     0.0000e+00
11    -20.75    0.5             0.000014                   +0.000011         -0.000008         0.5     0.0000e+00
11    -20.25    0.5             0.000038                   +0.000016         -0.000014         0.5     0.0000e+00
11    -19.75    0.5             0.000100                   +0.000037         -0.000032         0.5     0.0000e+00
11    -19.25    0.5             0.000144                   +0.000067         -0.000063         0.5     0.0000e+00
11    -18.75    0.5             0.000234                   +0.000106         -0.000096         0.5     0.0000e+00
11    -18.25    0.5             0.000641                   +0.000300         -0.000291         0.5     0.0000e+00
12.5  -21.25    0.5             0.000003                   +0.000004         -0.000002         0.5     0.0000e+00
12.5  -20.75    0.5             0.000004                   +0.000005         -0.000003         0.5     0.0000e+00
12.5  -20.25    0.5             0.000016                   +0.000009         -0.000007         0.5     0.0000e+00
12.5  -19.75    0.5             0.000034                   +0.000023         -0.000015         0.5     0.0000e+00
12.5  -19.25    0.5             0.000043                   +0.000022         -0.000022         0.5     0.0000e+00
12.5  -18.75    0.5             0.000080                   +0.000051         -0.000036         0.5     0.0000e+00
12.5  -18.25    0.5             0.000217                   +0.000103         -0.000082         0.5     0.0000e+00