# From  https://arxiv.org/abs/2304.14469
# z , MUV , MUV bin width , Phi_UV [Mpc^-3 mag^-1] , +sigma_Phi_UV ,  -sigma_Phi_UV  [Mpc^-3 mag^-1], upper limit boolean

1.1000e+01     -2.2570e+01     5.0000e-01     1.2000e-07     1.2000e-07     -1.2000e-07     0.0000e+00
1.1000e+01     -2.1800e+01     5.0000e-01     1.2900e-06     1.2800e-06     -1.2800e-06     0.0000e+00
1.1000e+01     -2.0800e+01     5.0000e-01     1.2540e-05     4.2800e-06     -4.2800e-06     0.0000e+00
1.1000e+01     -2.0050e+01     5.0000e-01     3.9740e-05     1.3400e-05     -1.3400e-05     0.0000e+00
1.1000e+01     -1.9550e+01     5.0000e-01     9.8630e-05     4.1970e-05     -4.1970e-05     0.0000e+00
1.1000e+01     -1.8850e+01     5.0000e-01     2.3490e-04     9.1900e-05     -9.1900e-05     0.0000e+00
1.1000e+01     -1.8230e+01     5.0000e-01     6.3080e-04     2.8650e-04     -2.8650e-04     0.0000e+00
1.3500e+01     -1.9450e+01     5.0000e-01     2.4690e-05     1.6590e-05     -1.6590e-05     0.0000e+00
1.3500e+01     -1.8950e+01     5.0000e-01     6.1990e-05     3.9740e-05     -3.9740e-05     0.0000e+00
