4.0000e+00     -2.2690e+01     5.0000e-01     3.4565e-06     2.7652e-06     2.7652e-06
4.0000e+00     -2.2190e+01     5.0000e-01     2.3072e-05     1.3843e-05     1.3843e-05
4.0000e+00     -2.1690e+01     5.0000e-01     1.0382e-04     2.0763e-05     2.0763e-05
4.0000e+00     -2.1190e+01     5.0000e-01     3.2879e-04     6.5758e-05     6.5758e-05
4.0000e+00     -2.0690e+01     5.0000e-01     7.6770e-04     1.5354e-04     1.5354e-04
4.0000e+00     -2.0190e+01     5.0000e-01     1.3889e-03     2.7778e-04     2.7778e-04
4.0000e+00     -1.9690e+01     5.0000e-01     2.4367e-03     4.8734e-04     4.8734e-04
4.0000e+00     -1.9190e+01     5.0000e-01     3.4538e-03     6.9077e-04     6.9077e-04
4.0000e+00     -1.8690e+01     5.0000e-01     4.5843e-03     9.1686e-04     9.1686e-04
4.0000e+00     -1.7940e+01     5.0000e-01     1.0298e-02     2.0597e-03     2.0597e-03
4.0000e+00     -1.6940e+01     5.0000e-01     2.0633e-02     4.1265e-03     4.1265e-03
4.0000e+00     -1.5940e+01     5.0000e-01     3.6042e-02     1.0930e-02     1.0930e-02
5.0000e+00     -2.3110e+01     5.0000e-01     4.0106e-07     4.0106e-07     4.0106e-07
5.0000e+00     -2.2610e+01     5.0000e-01     4.0625e-06     2.0313e-06     2.0313e-06
5.0000e+00     -2.2110e+01     5.0000e-01     2.4178e-05     6.0445e-06     6.0445e-06
5.0000e+00     -2.1610e+01     5.0000e-01     9.2114e-05     1.8423e-05     1.8423e-05
5.0000e+00     -2.1110e+01     5.0000e-01     2.4692e-04     4.9384e-05     4.9384e-05
5.0000e+00     -2.0610e+01     5.0000e-01     5.1677e-04     1.0335e-04     1.0335e-04
5.0000e+00     -2.0110e+01     5.0000e-01     9.9982e-04     1.9996e-04     1.9996e-04
5.0000e+00     -1.9610e+01     5.0000e-01     1.5441e-03     3.0882e-04     3.0882e-04
5.0000e+00     -1.9110e+01     5.0000e-01     2.6085e-03     5.2170e-04     5.2170e-04
5.0000e+00     -1.8360e+01     5.0000e-01     5.3589e-03     1.0718e-03     1.0718e-03
5.0000e+00     -1.7360e+01     5.0000e-01     1.1435e-02     2.2871e-03     2.2871e-03
5.0000e+00     -1.6360e+01     5.0000e-01     2.1108e-02     6.1676e-03     6.1676e-03
6.0000e+00     -2.2520e+01     5.0000e-01     2.7446e-06     2.7446e-06     2.7446e-06
6.0000e+00     -2.2020e+01     5.0000e-01     1.4864e-05     5.3084e-06     5.3084e-06
6.0000e+00     -2.1520e+01     5.0000e-01     5.2985e-05     1.1428e-05     1.1428e-05
6.0000e+00     -2.1020e+01     5.0000e-01     1.4265e-04     2.8530e-05     2.8530e-05
6.0000e+00     -2.0520e+01     5.0000e-01     3.2427e-04     6.4854e-05     6.4854e-05
6.0000e+00     -2.0020e+01     5.0000e-01     6.3361e-04     1.2672e-04     1.2672e-04
6.0000e+00     -1.9520e+01     5.0000e-01     1.1725e-03     2.3449e-04     2.3449e-04
6.0000e+00     -1.8770e+01     5.0000e-01     2.5727e-03     5.1454e-04     5.1454e-04
6.0000e+00     -1.7770e+01     5.0000e-01     6.0732e-03     1.2146e-03     1.2146e-03
6.0000e+00     -1.6770e+01     5.0000e-01     1.2456e-02     3.8315e-03     3.8315e-03
7.0000e+00     -2.2190e+01     5.0000e-01     3.7867e-06     7.5734e-06     7.5734e-06
7.0000e+00     -2.1690e+01     5.0000e-01     1.4310e-05     3.8392e-06     3.8392e-06
7.0000e+00     -2.1190e+01     5.0000e-01     4.2416e-05     1.3537e-05     1.3537e-05
7.0000e+00     -2.0690e+01     5.0000e-01     1.0819e-04     2.1638e-05     2.1638e-05
7.0000e+00     -2.0190e+01     5.0000e-01     2.4139e-04     5.6296e-05     5.6296e-05
7.0000e+00     -1.9690e+01     5.0000e-01     4.8565e-04     1.0389e-04     1.0389e-04
7.0000e+00     -1.9190e+01     5.0000e-01     9.0311e-04     2.5891e-04     2.5891e-04
7.0000e+00     -1.8690e+01     5.0000e-01     1.4355e-03     4.1973e-04     4.1973e-04
7.0000e+00     -1.7940e+01     5.0000e-01     3.1576e-03     7.8939e-04     7.8939e-04
7.0000e+00     -1.6940e+01     5.0000e-01     7.4584e-03     2.5997e-03     2.5997e-03
8.0000e+00     -2.1850e+01     5.0000e-01     4.8035e-06     3.2023e-06     3.2023e-06
8.0000e+00     -2.1350e+01     5.0000e-01     1.4277e-05     4.7590e-06     4.7590e-06
8.0000e+00     -2.0850e+01     5.0000e-01     3.7671e-05     1.0107e-05     1.0107e-05
8.0000e+00     -2.0100e+01     5.0000e-01     1.3394e-04     4.4647e-05     4.4647e-05
8.0000e+00     -1.9350e+01     5.0000e-01     3.8934e-04     1.3808e-04     1.3808e-04
8.0000e+00     -1.8600e+01     5.0000e-01     8.9863e-04     2.7776e-04     2.7776e-04
8.0000e+00     -1.7600e+01     5.0000e-01     2.3942e-03     9.0378e-04     9.0378e-04
9.0000e+00     -2.1920e+01     8.0000e-01     1.1817e-06     1.1817e-06     1.1817e-06
9.0000e+00     -2.1120e+01     8.0000e-01     7.8137e-06     3.3487e-06     3.3487e-06
9.0000e+00     -2.0320e+01     8.0000e-01     3.8565e-05     1.3349e-05     1.3349e-05
9.0000e+00     -1.9120e+01     8.0000e-01     2.5355e-04     2.0338e-04     2.0338e-04
9.0000e+00     -1.7920e+01     8.0000e-01     1.0942e-03     5.9395e-04     5.9395e-04
9.0000e+00     -2.0750e+01     5.0000e-01     1.5919e-05     1.0613e-05     6.6331e-06
9.0000e+00     -2.0250e+01     5.0000e-01     4.1835e-05     1.6995e-05     1.4381e-05
9.0000e+00     -1.9750e+01     5.0000e-01     9.8981e-05     2.0621e-05     1.9796e-05
9.0000e+00     -1.9250e+01     5.0000e-01     2.0612e-04     5.2627e-05     5.2627e-05
9.0000e+00     -1.8550e+01     5.0000e-01     5.2291e-04     1.7108e-04     1.4956e-04
9.0000e+00     -1.8050e+01     5.0000e-01     9.1161e-04     2.5459e-04     2.5459e-04
9.0000e+00     -1.7550e+01     5.0000e-01     1.6406e-03     5.3393e-04     5.3393e-04
1.0000e+01     -2.1250e+01     8.0000e-01     1.9128e-06     1.9128e-06     1.9128e-06
1.0000e+01     -2.0250e+01     8.0000e-01     1.8101e-05     9.0503e-06     9.0503e-06
1.0000e+01     -1.9250e+01     8.0000e-01     1.0656e-04     6.8949e-05     6.8949e-05
1.0000e+01     -1.8250e+01     8.0000e-01     4.4326e-04     2.7995e-04     2.7995e-04
1.0000e+01     -1.7250e+01     8.0000e-01     1.5091e-03     1.2456e-03     1.2456e-03
1.0000e+01     -2.0750e+01     5.0000e-01     5.7977e-06     1.4494e-05     4.3483e-06
1.0000e+01     -2.0250e+01     5.0000e-01     1.7086e-05     8.2264e-06     6.9608e-06
1.0000e+01     -1.9750e+01     5.0000e-01     4.4320e-05     1.2044e-05     1.0598e-05
1.0000e+01     -1.9250e+01     5.0000e-01     1.0283e-04     3.3697e-05     3.1373e-05
1.0000e+01     -1.8550e+01     5.0000e-01     2.8689e-04     1.0457e-04     9.9206e-05
1.0000e+01     -1.8050e+01     5.0000e-01     5.6270e-04     1.8456e-04     1.8292e-04
1.0000e+01     -1.7550e+01     5.0000e-01     1.0310e-03     4.0983e-04     3.8401e-04
1.1000e+01     -2.1250e+01     5.0000e-01     6.1819e-07     4.4156e-07     4.4156e-07
1.1000e+01     -2.0750e+01     5.0000e-01     2.3164e-06     1.8200e-06     1.3237e-06
1.1000e+01     -2.0250e+01     5.0000e-01     7.5784e-06     3.1909e-06     2.7920e-06
1.1000e+01     -1.9750e+01     5.0000e-01     2.1737e-05     8.0426e-06     6.9557e-06
1.1000e+01     -1.9250e+01     5.0000e-01     5.5244e-05     2.5704e-05     2.4169e-05
1.1000e+01     -1.8750e+01     5.0000e-01     1.2728e-04     5.7658e-05     5.2218e-05
1.1000e+01     -1.8250e+01     5.0000e-01     2.7305e-04     1.2779e-04     1.2396e-04
1.1000e+01     -2.2570e+01     5.0000e-01     9.3798e-09     9.3798e-09     9.3798e-09
1.1000e+01     -2.1800e+01     5.0000e-01     1.2337e-07     1.2241e-07     1.2241e-07
1.1000e+01     -2.0800e+01     5.0000e-01     2.0421e-06     6.9700e-07     6.9700e-07
1.1000e+01     -2.0050e+01     5.0000e-01     1.1726e-05     3.9539e-06     3.9539e-06
1.1000e+01     -1.9550e+01     5.0000e-01     3.2017e-05     1.3624e-05     1.3624e-05
1.1000e+01     -1.8850e+01     5.0000e-01     1.0833e-04     4.2383e-05     4.2383e-05
1.1000e+01     -1.8230e+01     5.0000e-01     2.8110e-04     1.2767e-04     1.2767e-04
1.2500e+01     -2.1250e+01     5.0000e-01     1.8825e-07     2.5100e-07     1.2550e-07
1.2500e+01     -2.0750e+01     5.0000e-01     8.2209e-07     1.0276e-06     6.1657e-07
1.2500e+01     -2.0250e+01     5.0000e-01     3.0830e-06     1.7342e-06     1.3488e-06
1.2500e+01     -1.9750e+01     5.0000e-01     9.9943e-06     6.7608e-06     4.4092e-06
1.2500e+01     -1.9250e+01     5.0000e-01     2.8586e-05     1.4626e-05     1.4626e-05
1.2500e+01     -1.8750e+01     5.0000e-01     7.3857e-05     4.7084e-05     3.3236e-05
1.2500e+01     -1.8250e+01     5.0000e-01     1.7616e-04     8.3614e-05     6.6567e-05
1.3500e+01     -1.9450e+01     5.0000e-01     1.5565e-05     1.0459e-05     1.0459e-05
1.3500e+01     -1.8950e+01     5.0000e-01     4.4455e-05     2.8499e-05     2.8499e-05
1.4500e+01     -2.0250e+01     5.0000e-01     2.2857e-06     4.5714e-06     1.5238e-06
